[1, 2, 3, 3, 3, 2]
[2, 3, 1, 2, 2, 2]
[3, 4, 1, 3, 1, 3]
[4, 4, 2, 2, 1, 2]
[5, 2, 1, 1, 4, 2]
[6, 2, 2, 3, 3, 2]
[7, 1, 2, 3, 2, 2]
[8, 2, 3, 2, 2, 1]
[9, 3, 3, 1, 2, 2]
[10, 2, 2, 2, 1, 1]
[11, 2, 1, 3, 2, 2]
[12, 3, 2, 1, 1, 2]
[13, 4, 2, 1, 1, 2]
[14, 2, 3, 1, 4, 2]
[15, 1, 1, 3, 3, 2]
[16, 1, 2, 1, 1, 1]
[17, 1, 1, 2, 4, 2]
[18, 1, 3, 2, 1, 1]
[19, 3, 1, 3, 2, 2]
[20, 2, 2, 2, 3, 1]
[21, 2, 2, 3, 2, 2]
[22, 4, 3, 2, 4, 2]
[23, 4, 2, 3, 4, 2]
[24, 4, 1, 2, 2, 2]
[25, 2, 3, 2, 2, 1]
[26, 1, 2, 3, 2, 2]
[27, 2, 3, 3, 2, 2]
[28, 3, 3, 2, 3, 2]
[29, 2, 1, 1, 4, 2]
[30, 2, 1, 3, 3, 2]
[31, 2, 2, 1, 1, 1]
[32, 2, 2, 2, 3, 1]
[33, 1, 3, 2, 3, 1]
[34, 2, 2, 2, 4, 2]
[35, 1, 3, 1, 2, 1]
[36, 1, 1, 3, 2, 2]
[37, 2, 1, 3, 1, 3]
[38, 4, 3, 2, 1, 2]
[39, 4, 2, 3, 3, 2]
[40, 3, 2, 2, 1, 2]
[41, 2, 3, 1, 1, 1]
[42, 1, 3, 3, 4, 2]
[43, 1, 3, 2, 1, 1]
[44, 3, 3, 2, 3, 2]
[45, 4, 3, 3, 2, 2]
[46, 4, 1, 2, 4, 2]
[47, 1, 2, 3, 3, 2]
[48, 2, 1, 1, 2, 1]
[49, 4, 1, 3, 4, 2]
[50, 1, 1, 2, 1, 1]
[51, 1, 2, 2, 4, 2]
[52, 4, 1, 2, 1, 2]
[53, 2, 1, 1, 2, 1]
[54, 2, 1, 1, 1, 1]
[55, 3, 2, 1, 2, 2]
[56, 3, 2, 2, 4, 2]
[57, 3, 2, 1, 4, 2]
[58, 4, 3, 3, 3, 2]
[59, 2, 3, 2, 2, 1]
[60, 2, 3, 2, 3, 1]
[61, 3, 3, 3, 1, 3]
[62, 1, 2, 2, 3, 1]
[63, 1, 2, 3, 3, 2]
[64, 2, 3, 3, 3, 2]
[65, 4, 1, 2, 1, 2]
[66, 1, 3, 1, 3, 1]
[67, 4, 1, 2, 4, 2]
[68, 1, 1, 2, 1, 1]
[69, 1, 2, 2, 1, 1]
[70, 2, 3, 1, 1, 1]
[71, 3, 3, 3, 2, 2]
[72, 2, 2, 3, 1, 3]
[73, 3, 3, 3, 2, 2]
[74, 3, 2, 2, 2, 2]
[75, 3, 2, 1, 3, 2]
[76, 3, 3, 3, 2, 2]
[77, 1, 3, 3, 2, 2]
[78, 3, 1, 2, 3, 2]
[79, 2, 1, 1, 4, 2]
[80, 4, 3, 3, 1, 3]
[81, 3, 1, 3, 3, 2]
[82, 3, 2, 1, 3, 2]
[83, 2, 1, 3, 4, 2]
[84, 2, 2, 3, 2, 2]
[85, 4, 1, 3, 1, 3]
[86, 3, 2, 3, 4, 2]
[87, 2, 3, 3, 2, 2]
[88, 2, 2, 3, 4, 2]
[89, 1, 1, 2, 1, 1]
[90, 4, 3, 1, 2, 2]
[91, 4, 3, 1, 1, 2]
[92, 4, 1, 2, 2, 2]
[93, 3, 1, 3, 2, 2]
[94, 2, 2, 1, 3, 1]
[95, 1, 2, 1, 1, 1]
[96, 3, 3, 2, 3, 2]
[97, 4, 1, 3, 1, 3]
[98, 1, 2, 3, 4, 2]
[99, 4, 1, 2, 2, 2]
[100, 4, 1, 1, 3, 2]
