[1,2,3,3,3,1]
[2,3,1,2,2,2]
[3,4,1,3,1,1]
[4,4,2,2,1,2]
[5,2,1,1,4,1]
[6,2,2,3,3,1]
[7,1,2,3,2,1]
[8,2,3,2,2,1]
[9,3,3,1,2,1]
[10,2,2,2,1,2]
[11,2,1,3,2,1]
[12,3,2,1,1,2]
[13,4,2,1,1,2]
[14,2,3,1,4,1]
[15,1,1,3,3,1]
[16,1,2,1,1,2]
[17,1,1,2,4,1]
[18,1,3,2,1,2]
[19,3,1,3,2,1]
[20,2,2,2,3,2]
[21,2,2,3,2,1]
[22,4,3,2,4,1]
[23,4,2,3,4,1]
[24,4,1,2,2,1]
[25,2,3,2,2,2]
[26,1,2,3,2,1]
[27,2,3,3,2,1]
[28,3,3,2,3,2]
[29,2,1,1,4,1]
[30,2,1,3,3,1]
[31,2,2,1,1,2]
[32,2,2,2,3,2]
[33,1,3,2,3,2]
[34,2,2,2,4,1]
[35,1,3,1,2,2]
[36,1,1,3,2,1]
[37,2,1,3,1,1]
[38,4,3,2,1,1]
[39,4,2,3,3,1]
[40,3,2,2,1,2]
[41,2,3,1,1,2]
[42,1,3,3,4,1]
[43,1,3,2,1,2]
[44,3,3,2,3,1]
[45,4,3,3,2,1]
[46,4,1,2,4,1]
[47,1,2,3,3,1]
[48,2,1,1,2,2]
[49,4,1,3,4,1]
[50,1,1,2,1,2]
[51,1,2,2,4,1]
[52,4,1,2,1,1]
[53,2,1,1,2,2]
[54,2,1,1,1,2]
[55,3,2,1,2,2]
[56,3,2,2,4,1]
[57,3,2,1,4,1]
[58,4,3,3,3,1]
[59,2,3,2,2,2]
[60,2,3,2,3,2]
[61,3,3,3,1,1]
[62,1,2,2,3,2]
[63,1,2,3,3,1]
[64,2,3,3,3,1]
[65,4,1,2,1,1]
[66,1,3,1,3,2]
[67,4,1,2,4,1]
[68,1,1,2,1,2]
[69,1,2,2,1,2]
[70,2,3,1,1,2]
[71,3,3,3,2,1]
[72,2,2,3,1,1]
[73,3,3,3,2,1]
[74,3,2,2,2,2]
[75,3,2,1,3,2]
[76,3,3,3,2,1]
[77,1,3,3,2,1]
[78,3,1,2,3,2]
[79,2,1,1,4,1]
[80,4,3,3,1,1]
[81,3,1,3,3,1]
[82,3,2,1,3,2]
[83,2,1,3,4,1]
[84,2,2,3,2,1]
[85,4,1,3,1,1]
[86,3,2,3,4,1]
[87,2,3,3,2,1]
[88,2,2,3,4,1]
[89,1,1,2,1,2]
[90,4,3,1,2,2]
[91,4,3,1,1,2]
[92,4,1,2,2,2]
[93,3,1,3,2,1]
[94,2,2,1,3,2]
[95,1,2,1,1,2]
[96,3,3,2,3,2]
[97,4,1,3,1,1]
[98,1,2,3,4,1]
[99,4,1,2,2,2]
[100,4,1,1,3,1]
[101,2,2,2,2,2]
[102,1,1,2,1,2]
[103,3,1,1,3,2]
[104,1,1,2,3,2]
[105,2,3,1,3,2]
[106,1,3,3,4,1]
[107,2,2,1,4,2]
[108,4,3,2,2,1]
[109,1,2,3,4,1]
[110,2,1,3,4,1]
[111,3,2,1,4,2]
[112,2,2,1,4,2]
[113,4,3,1,2,1]
[114,1,3,1,4,2]
[115,2,3,1,2,2]
[116,1,1,2,3,2]
[117,2,3,2,2,2]
[118,2,3,2,1,2]
[119,2,2,1,4,2]
[120,2,2,2,2,2]
[121,1,1,3,1,1]
[122,3,3,3,1,1]
[123,4,3,1,2,1]
[124,4,2,1,4,1]
[125,4,2,2,1,2]
[126,2,1,3,3,1]
[127,3,3,1,2,2]
[128,2,3,2,1,2]
[129,1,3,1,2,2]
[130,2,3,3,1,2]
[131,4,1,2,1,1]
[132,4,1,2,3,1]
[133,4,1,1,2,1]
[134,2,2,1,1,2]
[135,4,3,3,4,1]
[136,2,2,2,3,2]
[137,4,2,2,4,1]
[138,2,3,2,1,2]
[139,3,2,1,1,2]
[140,1,1,3,1,1]
[141,1,2,1,3,2]
[142,4,1,2,1,2]
[143,2,1,3,3,1]
[144,1,2,1,1,2]
[145,4,2,2,4,2]
[146,3,1,1,1,2]
[147,1,1,3,4,1]
[148,1,3,1,2,2]
[149,3,2,2,1,2]
[150,3,1,1,4,1]
[151,3,3,2,2,2]
[152,3,3,3,4,1]
[153,3,1,1,2,2]
[154,2,3,1,2,2]
[155,3,3,2,4,2]
[156,3,3,1,1,2]
[157,1,1,2,3,2]
[158,4,3,3,2,1]
[159,3,2,3,1,1]
[160,3,2,2,4,2]
[161,3,3,3,2,2]
[162,3,2,1,1,2]
[163,4,2,2,1,2]
[164,2,1,3,1,1]
[165,2,3,3,3,1]
[166,3,2,3,4,1]
[167,3,2,3,4,1]
[168,1,1,2,3,2]
[169,3,3,1,1,1]
[170,3,1,3,4,1]
[171,3,2,2,2,2]
[172,3,3,2,4,1]
[173,1,2,3,2,1]
[174,1,3,2,2,1]
[175,1,3,1,2,2]
[176,3,3,2,2,2]
[177,2,3,3,1,1]
[178,3,3,1,2,2]
[179,1,2,2,2,2]
[180,4,2,2,3,2]
[181,4,1,2,2,1]
[182,3,1,3,1,1]
[183,1,3,2,3,2]
[184,1,3,2,2,2]
[185,4,3,1,2,1]
[186,1,3,3,4,1]
[187,3,3,1,2,2]
[188,1,1,1,2,2]
[189,3,3,3,3,1]
[190,4,1,3,2,1]
[191,2,2,3,2,1]
[192,3,2,2,3,2]
[193,3,2,2,4,1]
[194,2,2,2,1,2]
[195,3,3,3,4,1]
[196,4,1,3,4,1]
[197,4,1,1,4,1]
[198,1,1,2,1,2]
[199,3,1,3,1,1]
[200,2,3,1,2,2]
[201,2,1,2,4,2]
[202,4,1,1,3,2]
[203,2,1,3,4,1]
[204,1,3,2,1,2]
[205,1,2,3,4,1]
[206,2,2,1,2,2]
[207,2,1,2,1,2]
[208,3,1,2,2,2]
[209,1,3,3,4,1]
[210,2,1,2,3,2]
[211,1,1,2,4,2]
[212,3,3,1,2,1]
[213,4,3,1,3,2]
[214,2,1,2,4,1]
[215,2,3,3,3,1]
[216,2,3,1,3,2]
[217,3,3,2,1,2]
[218,2,1,3,1,1]
[219,4,3,3,1,1]
[220,2,2,1,2,2]
[221,4,2,1,2,2]
[222,1,1,3,4,1]
[223,2,2,2,3,2]
[224,4,1,3,3,1]
[225,1,2,3,4,1]
[226,1,3,2,4,1]
[227,3,2,1,1,2]
[228,4,1,1,4,1]
[229,4,3,2,4,1]
[230,1,1,1,1,2]
[231,3,3,3,1,1]
[232,1,2,1,2,2]
[233,4,3,2,4,1]
[234,2,1,3,3,1]
[235,1,1,2,4,2]
[236,4,1,2,4,1]
[237,2,2,2,2,2]
[238,4,3,2,4,2]
[239,1,3,1,2,2]
[240,3,2,1,2,2]
[241,2,3,1,4,2]
[242,1,2,1,1,2]
[243,2,3,2,4,1]
[244,1,1,2,4,2]
[245,3,3,1,2,2]
[246,2,2,2,1,2]
[247,2,2,2,4,2]
[248,2,2,3,3,2]
[249,1,3,2,4,1]
[250,3,1,2,3,1]
[251,4,3,2,4,1]
[252,4,2,1,3,2]
[253,1,2,2,4,2]
[254,2,1,1,2,2]
[255,1,1,2,2,2]
[256,4,2,2,3,1]
[257,1,1,2,3,2]
[258,2,2,3,2,1]
[259,1,2,2,3,2]
[260,2,2,1,3,2]
[261,2,3,2,1,2]
[262,2,3,3,4,1]
[263,3,1,1,3,2]
[264,2,2,3,2,2]
[265,4,3,1,1,2]
[266,2,3,1,2,2]
[267,2,1,3,3,2]
[268,2,2,3,3,2]
[269,1,1,1,4,2]
[270,3,1,1,2,2]
[271,1,3,1,3,2]
[272,3,3,1,3,2]
[273,3,1,2,1,2]
[274,2,1,1,3,2]
[275,1,3,3,1,2]
[276,4,2,2,4,1]
[277,1,1,3,3,1]
[278,2,2,1,3,2]
[279,2,2,1,1,2]
[280,2,3,3,2,1]
[281,3,3,1,3,2]
[282,1,1,2,2,2]
[283,1,2,3,4,1]
[284,2,3,1,3,1]
[285,2,2,1,4,2]
[286,4,1,3,4,1]
[287,2,2,1,2,2]
[288,2,2,3,1,1]
[289,1,3,3,2,1]
[290,2,1,3,3,1]
[291,1,3,1,2,2]
[292,3,3,3,3,1]
[293,3,3,3,4,1]
[294,4,2,2,1,2]
[295,1,3,3,3,1]
[296,1,1,3,2,1]
[297,2,1,3,4,1]
[298,2,2,3,4,1]
[299,3,3,1,4,1]
[300,1,3,3,1,1]
[301,1,2,3,2,1]
[302,1,3,1,3,2]
[303,2,2,1,2,2]
[304,1,3,3,1,1]
[305,4,1,1,2,1]
[306,1,3,2,1,2]
[307,3,1,3,2,1]
[308,3,3,1,3,2]
[309,3,2,2,4,1]
[310,4,1,1,2,2]
[311,4,1,2,2,2]
[312,4,2,2,2,2]
[313,1,1,2,1,2]
[314,2,3,1,4,1]
[315,4,3,1,1,1]
[316,1,2,1,3,2]
[317,4,3,2,2,1]
[318,1,2,3,1,1]
[319,1,1,3,3,1]
[320,1,2,1,1,2]
[321,4,2,1,1,2]
[322,1,3,3,3,1]
[323,1,2,3,3,1]
[324,4,3,2,4,1]
[325,3,2,2,1,2]
[326,1,2,2,3,2]
[327,3,2,2,3,2]
[328,1,2,1,4,1]
[329,3,1,1,2,2]
[330,1,2,2,3,2]
[331,2,3,2,2,2]
[332,4,3,3,4,1]
[333,1,2,3,3,1]
[334,1,2,2,2,2]
[335,2,1,1,2,2]
[336,4,3,1,3,1]
[337,2,2,3,2,1]
[338,1,2,2,1,2]
[339,3,1,2,2,2]
[340,1,3,3,1,1]
[341,4,3,2,3,1]
[342,3,3,1,2,2]
[343,1,3,3,4,1]
[344,2,3,2,3,1]
[345,2,2,2,2,2]
[346,4,3,2,4,1]
[347,1,3,1,4,1]
[348,4,2,2,4,1]
[349,3,2,3,1,1]
[350,3,2,2,1,2]
[351,3,3,3,1,1]
[352,2,3,2,1,2]
[353,2,1,2,1,2]
[354,1,2,2,2,2]
[355,1,1,2,1,2]
[356,2,2,1,3,2]
[357,2,3,3,1,1]
[358,3,1,2,3,1]
[359,1,1,3,4,1]
[360,3,3,3,1,1]
[361,4,1,3,4,1]
[362,2,1,3,3,1]
[363,4,2,2,2,2]
[364,2,1,2,1,2]
[365,1,3,2,3,2]
[366,4,1,1,4,1]
[367,1,2,1,3,2]
[368,1,3,1,3,2]
[369,2,2,2,2,2]
[370,4,3,3,1,1]
[371,4,1,3,1,1]
[372,2,3,3,3,1]
[373,2,3,2,3,2]
[374,4,1,2,1,2]
[375,1,3,2,3,2]
[376,1,2,2,1,2]
[377,1,2,1,3,2]
[378,3,3,2,1,2]
[379,3,3,1,3,2]
[380,2,2,1,1,2]
[381,4,1,3,2,1]
[382,4,3,1,1,1]
[383,2,3,1,3,1]
[384,3,3,3,1,2]
[385,1,1,2,4,2]
[386,3,3,3,1,1]
[387,3,3,3,1,1]
[388,3,1,2,2,2]
[389,2,2,3,3,1]
[390,2,3,2,1,2]
[391,4,1,3,3,1]
[392,1,3,1,4,2]
[393,2,2,3,3,1]
[394,1,3,2,1,2]
[395,3,3,1,4,1]
[396,4,1,1,2,2]
[397,4,2,1,1,2]
[398,3,1,1,3,2]
[399,4,3,2,1,1]
[400,1,2,3,1,2]
[401,3,2,3,1,1]
[402,1,3,2,2,2]
[403,2,3,1,4,1]
[404,2,2,2,2,2]
[405,3,2,3,2,1]
[406,2,1,2,3,2]
[407,2,2,2,2,2]
[408,3,3,2,3,1]
[409,1,3,2,4,1]
[410,4,3,1,3,1]
[411,1,1,3,1,1]
[412,1,2,2,1,2]
[413,2,2,1,4,2]
[414,4,1,3,4,1]
[415,2,2,1,2,2]
[416,2,1,3,2,1]
[417,1,3,3,3,1]
[418,2,3,2,1,2]
[419,2,1,1,3,2]
[420,1,1,1,4,2]
[421,3,1,3,2,1]
[422,3,3,3,1,1]
[423,2,2,3,4,1]
[424,2,2,3,4,1]
[425,1,1,2,3,2]
[426,1,2,3,2,1]
[427,3,3,2,4,1]
[428,3,1,2,4,1]
[429,2,1,1,2,2]
[430,2,3,1,4,1]
[431,3,3,3,2,1]
[432,3,1,3,2,1]
[433,4,1,1,1,2]
[434,2,3,3,4,1]
[435,4,3,1,4,1]
[436,4,3,2,3,1]
[437,3,3,3,2,1]
[438,3,1,3,3,1]
[439,2,1,2,2,2]
[440,2,2,3,2,1]
[441,2,3,3,4,1]
[442,3,1,2,2,2]
[443,3,1,2,3,2]
[444,3,3,2,4,1]
[445,4,1,2,4,1]
[446,4,3,2,4,1]
[447,1,3,1,4,2]
[448,3,1,1,4,2]
[449,3,1,1,3,2]
[450,2,3,1,4,1]
[451,3,1,2,4,1]
[452,3,1,1,2,2]
[453,2,2,2,4,2]
[454,4,2,3,2,1]
[455,1,3,3,1,1]
[456,3,3,2,1,2]
[457,1,2,2,1,2]
[458,2,3,3,4,1]
[459,1,3,2,1,2]
[460,2,1,2,2,2]
[461,4,3,2,2,1]
[462,1,2,1,2,2]
[463,1,3,2,3,1]
[464,2,3,1,2,2]
[465,3,1,3,3,1]
[466,1,2,2,4,2]
[467,3,2,1,3,2]
[468,4,3,1,1,2]
[469,4,1,1,4,1]
[470,3,1,3,3,1]
[471,3,1,1,2,2]
[472,1,2,1,1,2]
[473,2,2,2,1,2]
[474,3,3,1,2,2]
[475,4,1,3,2,1]
[476,3,2,1,2,2]
[477,3,1,1,2,2]
[478,2,1,3,2,1]
[479,3,2,2,3,2]
[480,1,1,3,1,1]
[481,3,3,2,3,1]
[482,4,1,2,2,2]
[483,1,1,2,2,2]
[484,3,1,2,4,1]
[485,2,1,1,2,2]
[486,2,1,3,3,1]
[487,4,3,1,2,2]
[488,4,2,2,2,2]
[489,2,2,1,2,2]
[490,2,3,1,1,2]
[491,1,3,2,4,2]
[492,3,2,2,2,2]
[493,1,2,3,4,1]
[494,3,1,3,3,1]
[495,4,1,2,4,1]
[496,3,3,3,1,1]
[497,2,1,1,3,2]
[498,4,3,3,4,1]
[499,3,2,1,2,2]
[500,3,3,1,4,1]
[501,2,1,2,1,2]
[502,3,2,1,4,1]
[503,4,1,3,1,1]
[504,3,2,1,4,2]
[505,2,2,3,4,2]
[506,2,3,2,1,2]
[507,2,2,1,1,1]
[508,2,3,3,3,1]
[509,3,2,3,2,1]
[510,3,2,1,2,2]
[511,2,3,3,4,1]
[512,4,3,1,3,2]
[513,2,2,3,1,1]
[514,3,3,2,3,2]
[515,4,2,3,3,1]
[516,2,2,3,1,1]
[517,2,3,3,2,1]
[518,3,2,1,2,2]
[519,1,1,2,3,2]
[520,3,3,2,1,2]
[521,1,2,1,2,2]
[522,4,1,2,1,2]
[523,4,2,2,3,1]
[524,3,3,2,3,1]
[525,3,1,2,1,2]
[526,1,3,3,4,1]
[527,3,2,1,1,2]
[528,4,3,3,3,1]
[529,2,2,3,4,1]
[530,4,1,2,4,2]
[531,4,3,3,4,1]
[532,3,3,2,3,2]
[533,2,3,3,2,1]
[534,2,3,3,4,1]
[535,3,3,1,3,1]
[536,2,2,2,1,2]
[537,2,1,3,2,1]
[538,4,1,3,4,1]
[539,2,3,2,4,2]
[540,3,3,3,1,1]
[541,2,1,3,2,1]
[542,4,3,3,4,1]
[543,2,1,2,3,2]
[544,4,1,2,2,2]
[545,3,1,1,4,1]
[546,1,1,2,4,2]
[547,4,2,2,1,1]
[548,3,3,3,1,1]
[549,2,3,2,4,2]
[550,4,2,2,3,1]
[551,1,2,3,1,1]
[552,1,1,2,1,2]
[553,4,1,1,2,2]
[554,1,1,2,2,2]
[555,1,2,2,3,2]
[556,1,1,1,2,2]
[557,4,2,1,1,2]
[558,2,3,1,1,2]
[559,3,1,2,1,2]
[560,4,2,3,2,1]
[561,1,2,1,4,2]
[562,3,1,3,2,1]
[563,1,2,2,1,2]
[564,1,2,1,2,2]
[565,2,1,2,1,2]
[566,2,3,3,4,1]
[567,3,2,3,4,2]
[568,2,1,1,2,2]
[569,4,1,2,1,2]
[570,1,3,3,2,1]
[571,4,2,1,2,2]
[572,2,1,3,4,1]
[573,1,1,2,1,2]
[574,4,1,1,2,2]
[575,1,1,1,1,2]
[576,3,2,1,4,1]
[577,3,2,1,2,2]
[578,2,2,2,2,2]
[579,4,3,3,1,1]
[580,4,1,1,4,1]
[581,4,1,1,2,2]
[582,1,3,3,3,1]
[583,1,3,2,3,1]
[584,3,2,1,1,2]
[585,4,2,2,1,2]
[586,3,2,3,2,1]
[587,3,2,2,1,2]
[588,3,2,3,4,1]
[589,2,1,1,3,2]
[590,3,3,3,2,1]
[591,1,1,1,2,2]
[592,4,2,2,1,2]
[593,3,1,2,2,2]
[594,3,1,1,1,2]
[595,1,3,1,2,2]
[596,1,2,3,4,1]
[597,4,2,1,1,2]
[598,4,2,2,3,2]
[599,1,1,1,3,2]
[600,4,1,1,1,2]
[601,1,3,2,2,2]
[602,3,1,3,3,1]
[603,1,1,2,4,2]
[604,1,1,2,1,2]
[605,4,3,3,1,1]
[606,4,3,1,2,1]
[607,1,1,1,3,2]
[608,1,2,2,2,2]
[609,3,2,3,4,1]
[610,2,3,1,1,2]
[611,2,3,2,1,2]
[612,4,1,2,2,2]
[613,3,1,2,3,1]
[614,2,2,3,4,2]
[615,1,2,3,3,2]
[616,2,1,3,3,2]
[617,2,2,1,1,2]
[618,2,1,1,3,2]
[619,3,2,1,3,2]
[620,3,1,2,3,2]
[621,2,2,1,4,2]
[622,2,2,2,4,2]
[623,1,3,1,4,2]
[624,4,1,1,1,2]
[625,3,3,3,1,1]
[626,3,1,1,1,2]
[627,2,3,2,2,2]
[628,3,2,1,4,1]
[629,3,2,3,4,1]
[630,1,2,3,2,2]
[631,1,3,1,1,2]
[632,4,1,1,1,2]
[633,2,3,1,2,2]
[634,3,3,1,3,2]
[635,2,1,2,1,2]
[636,1,3,2,2,2]
[637,3,3,3,1,1]
[638,3,3,1,3,1]
[639,4,2,3,4,1]
[640,1,1,3,3,1]
[641,1,1,3,2,2]
[642,1,1,1,2,2]
[643,1,1,1,4,2]
[644,3,1,2,4,1]
[645,1,1,1,4,2]
[646,4,3,2,4,1]
[647,4,3,2,4,1]
[648,3,3,3,4,1]
[649,1,1,3,4,1]
[650,3,2,1,4,1]
[651,1,1,3,1,2]
[652,1,2,2,3,2]
[653,2,1,3,1,1]
[654,2,1,1,4,2]
[655,2,3,2,4,1]
[656,2,2,3,2,2]
[657,2,3,2,1,2]
[658,1,1,1,3,2]
[659,4,2,2,3,2]
[660,3,1,1,4,2]
[661,3,1,1,3,1]
[662,4,2,1,2,2]
[663,1,2,2,2,2]
[664,4,2,1,2,2]
[665,2,1,2,1,2]
[666,2,2,3,3,1]
[667,3,3,2,1,2]
[668,3,3,3,2,1]
[669,1,1,2,1,2]
[670,3,2,1,1,2]
[671,3,3,1,3,2]
[672,2,1,3,1,1]
[673,1,1,3,2,1]
[674,4,1,3,2,1]
[675,1,2,2,3,2]
[676,3,3,3,4,1]
[677,3,3,2,3,2]
[678,4,1,1,1,2]
[679,2,1,1,3,2]
[680,4,2,3,4,1]
[681,3,3,3,4,1]
[682,4,2,1,4,1]
[683,2,3,2,1,2]
[684,2,3,3,1,1]
[685,1,1,3,3,1]
[686,4,3,1,4,2]
[687,4,3,3,3,1]
[688,4,3,1,1,1]
[689,3,2,1,3,2]
[690,3,3,1,3,2]
[691,2,3,1,3,2]
[692,1,1,1,3,2]
[693,4,3,1,2,2]
[694,1,2,1,4,2]
[695,1,3,3,1,1]
[696,2,1,3,2,1]
[697,1,3,1,4,2]
[698,3,2,2,4,2]
[699,3,3,2,3,2]
[700,4,1,3,3,1]
[701,3,2,1,2,2]
[702,2,2,2,2,2]
[703,4,3,1,1,2]
[704,2,1,1,1,2]
[705,4,2,1,2,2]
[706,1,1,3,3,1]
[707,2,1,1,1,2]
[708,2,2,2,4,2]
[709,3,2,2,4,2]
[710,3,3,1,1,2]
[711,2,2,2,4,2]
[712,4,2,2,2,2]
[713,2,1,2,1,2]
[714,2,2,1,1,2]
[715,3,3,2,1,2]
[716,1,1,1,2,2]
[717,2,3,1,3,2]
[718,1,1,2,3,2]
[719,1,3,2,3,2]
[720,1,1,1,2,2]
[721,2,1,1,3,2]
[722,1,2,3,3,1]
[723,3,1,1,4,1]
[724,1,2,3,4,1]
[725,4,3,1,4,1]
[726,4,1,2,2,2]
[727,2,3,3,1,1]
[728,4,1,3,1,1]
[729,1,2,2,3,2]
[730,1,2,1,4,2]
[731,3,3,3,3,1]
[732,1,1,3,1,1]
[733,3,3,2,2,2]
[734,2,1,1,3,2]
[735,1,2,1,1,2]
[736,3,2,2,1,2]
[737,2,2,2,4,2]
[738,1,2,2,1,2]
[739,2,3,3,4,1]
[740,2,3,1,1,2]
[741,4,2,1,2,2]
[742,3,3,1,3,1]
[743,2,3,2,4,1]
[744,1,1,2,3,2]
[745,2,1,1,4,2]
[746,1,2,2,2,2]
[747,3,3,3,4,1]
[748,4,2,1,4,1]
[749,3,1,2,1,2]
[750,2,2,3,4,1]
[751,4,2,3,4,1]
[752,4,1,3,3,1]
[753,4,2,1,2,1]
[754,4,1,1,3,1]
[755,3,1,2,1,2]
[756,2,2,1,3,2]
[757,3,1,3,4,1]
[758,3,1,1,3,2]
[759,2,2,2,3,2]
[760,4,1,3,2,1]
[761,3,2,2,4,1]
[762,3,2,3,4,1]
[763,2,2,1,3,2]
[764,1,2,1,2,2]
[765,2,1,3,1,1]
[766,2,2,3,2,1]
[767,3,2,2,4,1]
[768,4,3,1,2,1]
[769,4,3,3,1,1]
[770,1,2,2,2,2]
[771,1,3,3,4,1]
[772,2,2,2,4,2]
[773,2,2,3,2,1]
[774,2,2,1,1,2]
[775,1,1,1,2,2]
[776,2,2,3,2,1]
[777,1,2,1,3,2]
[778,1,3,1,2,2]
[779,4,1,1,1,2]
[780,3,3,1,1,2]
[781,4,3,2,3,2]
[782,4,1,1,2,2]
[783,1,3,1,4,2]
[784,4,2,1,1,2]
[785,3,2,2,2,2]
[786,3,1,3,2,1]
[787,1,1,1,4,2]
[788,3,1,1,3,2]
[789,2,2,3,3,1]
[790,1,2,3,3,1]
[791,2,1,1,2,2]
[792,1,1,3,3,1]
[793,2,1,1,1,2]
[794,2,2,1,2,2]
[795,1,3,2,3,2]
[796,1,3,1,1,2]
[797,1,2,1,2,2]
[798,2,3,3,3,1]
[799,2,3,2,3,2]
[800,3,1,1,2,2]
[801,3,3,1,1,2]
[802,3,3,1,4,1]
[803,1,2,3,2,1]
[804,2,3,3,1,1]
[805,4,2,2,1,2]
[806,3,1,2,3,2]
[807,4,1,2,4,1]
[808,2,3,2,4,2]
[809,2,3,3,4,1]
[810,1,2,3,1,1]
[811,4,3,3,2,1]
[812,3,2,2,3,2]
[813,4,1,1,3,1]
[814,1,3,3,4,1]
[815,3,1,2,3,2]
[816,3,3,3,4,1]
[817,1,2,1,2,2]
[818,3,3,3,2,1]
[819,2,1,2,3,2]
[820,2,1,3,3,1]
[821,4,1,2,4,1]
[822,3,1,1,1,2]
[823,2,1,3,2,1]
[824,2,2,3,3,1]
[825,1,1,2,2,2]
[826,1,1,2,2,2]
[827,1,3,2,3,2]
[828,1,2,2,4,2]
[829,4,1,2,2,2]
[830,4,2,2,4,1]
[831,1,2,1,1,2]
[832,1,2,2,3,2]
[833,4,1,3,2,1]
[834,4,1,2,3,2]
[835,3,2,2,4,2]
[836,4,2,2,1,1]
[837,2,2,3,2,1]
[838,4,2,2,1,2]
[839,4,2,3,3,1]
[840,2,1,3,1,1]
[841,3,1,3,3,1]
[842,1,1,2,3,2]
[843,1,3,3,1,1]
[844,2,2,1,1,2]
[845,1,2,2,2,2]
[846,4,1,2,1,2]
[847,3,2,2,2,2]
[848,4,1,2,3,2]
[849,2,2,3,4,1]
[850,4,2,2,2,2]
[851,3,1,3,1,1]
[852,1,2,2,2,2]
[853,2,2,2,1,2]
[854,4,2,1,3,1]
[855,1,2,3,4,1]
[856,4,1,1,2,2]
[857,1,3,3,3,2]
[858,3,2,3,1,1]
[859,1,1,1,2,2]
[860,4,3,3,2,1]
[861,1,1,2,2,2]
[862,1,1,1,3,2]
[863,3,2,1,3,2]
[864,2,2,3,2,1]
[865,4,3,1,4,1]
[866,1,2,1,2,2]
[867,2,1,2,3,2]
[868,3,3,1,4,1]
[869,3,1,1,4,1]
[870,1,2,2,3,2]
[871,2,1,1,4,2]
[872,3,2,1,3,2]
[873,1,2,2,4,2]
[874,2,2,2,2,2]
[875,1,3,2,4,2]
[876,4,2,3,3,1]
[877,2,3,1,4,2]
[878,3,3,3,4,1]
[879,2,2,2,4,2]
[880,2,2,1,2,2]
[881,4,1,2,2,2]
[882,1,1,3,3,1]
[883,1,2,2,1,2]
[884,1,1,2,1,2]
[885,3,2,1,1,2]
[886,3,1,1,2,2]
[887,1,2,1,3,2]
[888,2,3,1,4,2]
[889,1,3,1,3,2]
[890,4,2,3,2,1]
[891,1,1,1,1,2]
[892,3,2,3,4,1]
[893,4,3,2,3,1]
[894,2,2,3,4,1]
[895,3,3,2,4,1]
[896,4,1,1,2,2]
[897,2,3,3,4,1]
[898,2,2,3,3,1]
[899,2,3,1,2,2]
[900,3,3,1,3,1]
[901,3,2,3,2,1]
[902,4,3,3,3,1]
[903,1,2,2,2,2]
[904,4,3,1,3,1]
[905,3,2,2,3,2]
[906,4,3,1,3,1]
[907,2,2,2,2,2]
[908,3,1,1,3,2]
[909,1,2,3,1,1]
[910,1,2,1,4,2]
[911,2,2,1,4,2]
[912,4,2,2,3,1]
[913,1,1,2,1,2]
[914,3,1,2,1,2]
[915,1,3,1,1,2]
[916,3,1,2,4,1]
[917,4,1,3,1,1]
[918,3,1,2,4,2]
[919,2,2,3,4,1]
[920,3,3,2,1,2]
[921,4,2,3,3,1]
[922,4,3,3,3,1]
[923,1,2,1,4,2]
[924,4,1,1,1,2]
[925,2,2,3,4,1]
[926,2,3,3,4,1]
[927,3,2,2,4,2]
[928,1,3,3,4,1]
[929,4,3,2,1,2]
[930,4,3,3,4,1]
[931,2,1,3,4,1]
[932,2,2,2,3,2]
[933,1,2,2,1,2]
[934,2,1,3,3,1]
[935,3,1,2,1,2]
[936,4,1,2,4,1]
[937,4,2,3,2,1]
[938,2,2,1,4,2]
[939,2,3,3,1,1]
[940,2,3,2,2,2]
[941,4,1,1,2,2]
[942,1,2,2,2,2]
[943,4,3,1,3,1]
[944,1,3,1,1,2]
[945,4,3,3,2,2]
[946,1,3,1,3,2]
[947,1,2,2,3,2]
[948,1,2,3,3,1]
[949,3,2,3,1,1]
[950,2,2,3,2,1]
[951,2,1,3,4,1]
[952,2,1,2,1,2]
[953,3,3,2,2,2]
[954,1,2,3,4,1]
[955,1,1,1,3,2]
[956,1,1,1,3,2]
[957,3,1,2,1,2]
[958,3,1,1,1,2]
[959,3,3,1,2,2]
[960,2,2,2,3,2]
[961,1,1,1,3,2]
[962,2,2,1,4,2]
[963,4,3,3,2,1]
[964,2,1,2,2,2]
[965,4,3,3,2,1]
[966,2,2,3,1,2]
[967,1,1,3,2,2]
[968,4,2,2,4,1]
[969,4,2,2,1,2]
[970,3,3,2,4,1]
[971,1,3,1,3,2]
[972,4,3,2,4,1]
[973,1,2,1,2,2]
[974,2,2,2,1,2]
[975,2,1,2,4,2]
[976,4,1,3,4,1]
[977,4,3,1,4,2]
[978,4,2,3,2,1]
[979,4,1,3,1,1]
[980,2,3,1,2,2]
[981,3,3,1,4,2]
[982,3,2,3,3,1]
[983,4,1,2,1,2]
[984,3,3,3,1,1]
[985,1,3,1,4,1]
[986,4,1,1,3,1]
[987,4,2,3,2,1]
[988,4,3,2,4,1]
[989,4,1,2,3,1]
[990,4,3,2,2,2]
[991,2,1,1,2,2]
[992,2,2,2,3,2]
[993,1,3,2,1,2]
[994,1,2,2,1,2]
[995,3,1,3,2,1]
[996,3,1,2,4,1]
[997,2,2,1,1,2]
[998,3,3,1,3,1]
[999,3,3,2,4,1]
[1000,2,3,1,1,2]
